-9 19 56 9 56 47 94 37 56 28 0 -19 -9 -66 -56 -66 1296382
19 56 9 56 47 94 37 56 28 0 -19 -9 -66 -56 -66 -28 763762
56 9 56 47 94 37 56 28 0 -19 -9 -66 -56 -66 -28 -47 270676
9 56 47 94 37 56 28 0 -19 -9 -66 -56 -66 -28 -47 -37 -313166
56 47 94 37 56 28 0 -19 -9 -66 -56 -66 -28 -47 -37 -28 -859616
47 94 37 56 28 0 -19 -9 -66 -56 -66 -28 -47 -37 -28 19 -1881543
94 37 56 28 0 -19 -9 -66 -56 -66 -28 -47 -37 -28 19 28 -1948475
37 56 28 0 -19 -9 -66 -56 -66 -28 -47 -37 -28 19 28 19 -2018303
56 28 0 -19 -9 -66 -56 -66 -28 -47 -37 -28 19 28 19 56 -2040789
28 0 -19 -9 -66 -56 -66 -28 -47 -37 -28 19 28 19 56 37 -1834135
0 -19 -9 -66 -56 -66 -28 -47 -37 -28 19 28 19 56 37 66 -1309578
-19 -9 -66 -56 -66 -28 -47 -37 -28 19 28 19 56 37 66 56 -588560
-9 -66 -56 -66 -28 -47 -37 -28 19 28 19 56 37 66 56 56 -209159
-66 -56 -66 -28 -47 -37 -28 19 28 19 56 37 66 56 56 47 677508
-56 -66 -28 -47 -37 -28 19 28 19 56 37 66 56 56 47 37 1043076
-66 -28 -47 -37 -28 19 28 19 56 37 66 56 56 47 37 0 1576627
-28 -47 -37 -28 19 28 19 56 37 66 56 56 47 37 0 -9 1902137
-47 -37 -28 19 28 19 56 37 66 56 56 47 37 0 -9 -9 1884423
-37 -28 19 28 19 56 37 66 56 56 47 37 0 -9 -9 -56 1810767
-28 19 28 19 56 37 66 56 56 47 37 0 -9 -9 -56 -66 1750376
19 28 19 56 37 66 56 56 47 37 0 -9 -9 -56 -66 -37 1213465
28 19 56 37 66 56 56 47 37 0 -9 -9 -56 -66 -37 -37 848014
19 56 37 66 56 56 47 37 0 -9 -9 -56 -66 -37 -37 -56 367586
56 37 66 56 56 47 37 0 -9 -9 -56 -66 -37 -37 -56 -66 -176711
37 66 56 56 47 37 0 -9 -9 -56 -66 -37 -37 -56 -66 -28 -740576
66 56 56 47 37 0 -9 -9 -56 -66 -37 -37 -56 -66 -28 -9 -1465264
56 56 47 37 0 -9 -9 -56 -66 -37 -37 -56 -66 -28 -9 28 -1938636
56 47 37 0 -9 -9 -56 -66 -37 -37 -56 -66 -28 -9 28 37 -1928895
47 37 0 -9 -9 -56 -66 -37 -37 -56 -66 -28 -9 28 37 37 -2081463
37 0 -9 -9 -56 -66 -37 -37 -56 -66 -28 -9 28 37 37 56 -1911494
0 -9 -9 -56 -66 -37 -37 -56 -66 -28 -9 28 37 37 56 75 -1629648
-9 -9 -56 -66 -37 -37 -56 -66 -28 -9 28 37 37 56 75 56 -899223
-9 -56 -66 -37 -37 -56 -66 -28 -9 28 37 37 56 75 56 47 -420720
-56 -66 -37 -37 -56 -66 -28 -9 28 37 37 56 75 56 47 28 444707
-66 -37 -37 -56 -66 -28 -9 28 37 37 56 75 56 47 28 -9 1069997
-37 -37 -56 -66 -28 -9 28 37 37 56 75 56 47 28 -9 -19 1620451
-37 -56 -66 -28 -9 28 37 37 56 75 56 47 28 -9 -19 -9 1909190
-56 -66 -28 -9 28 37 37 56 75 56 47 28 -9 -19 -9 -19 1862240
-66 -28 -9 28 37 37 56 75 56 47 28 -9 -19 -9 -19 -47 1841504
-28 -9 28 37 37 56 75 56 47 28 -9 -19 -9 -19 -47 -47 1464227
-9 28 37 37 56 75 56 47 28 -9 -19 -9 -19 -47 -47 -84 1079974
28 37 37 56 75 56 47 28 -9 -19 -9 -19 -47 -47 -84 -47 523138
37 37 56 75 56 47 28 -9 -19 -9 -19 -47 -47 -84 -47 -37 -172168
37 56 75 56 47 28 -9 -19 -9 -19 -47 -47 -84 -47 -37 -84 -543548
56 75 56 47 28 -9 -19 -9 -19 -47 -47 -84 -47 -37 -84 -47 -990563
75 56 47 28 -9 -19 -9 -19 -47 -47 -84 -47 -37 -84 -47 -19 -1739610
56 47 28 -9 -19 -9 -19 -47 -47 -84 -47 -37 -84 -47 -19 28 -2004956
47 28 -9 -19 -9 -19 -47 -47 -84 -47 -37 -84 -47 -19 28 37 -1980641
28 -9 -19 -9 -19 -47 -47 -84 -47 -37 -84 -47 -19 28 37 56 -2064689
-9 -19 -9 -19 -47 -47 -84 -47 -37 -84 -47 -19 28 37 56 103 -1853823
-19 -9 -19 -47 -47 -84 -47 -37 -84 -47 -19 28 37 56 103 75 -1611460
-9 -19 -47 -47 -84 -47 -37 -84 -47 -19 28 37 56 103 75 75 -1104349
-19 -47 -47 -84 -47 -37 -84 -47 -19 28 37 56 103 75 75 28 -423364
-47 -47 -84 -47 -37 -84 -47 -19 28 37 56 103 75 75 28 47 418725
-47 -84 -47 -37 -84 -47 -19 28 37 56 103 75 75 28 47 9 883934
-84 -47 -37 -84 -47 -19 28 37 56 103 75 75 28 47 9 0 1544748
-47 -37 -84 -47 -19 28 37 56 103 75 75 28 47 9 0 0 2427183
-37 -84 -47 -19 28 37 56 103 75 75 28 47 9 0 0 -47 1859385
-84 -47 -19 28 37 56 103 75 75 28 47 9 0 0 -47 -56 1717342
-47 -19 28 37 56 103 75 75 28 47 9 0 0 -47 -56 -47 1698135
-19 28 37 56 103 75 75 28 47 9 0 0 -47 -56 -47 -66 1070848
28 37 56 103 75 75 28 47 9 0 0 -47 -56 -47 -66 -47 484168
37 56 103 75 75 28 47 9 0 0 -47 -56 -47 -66 -47 -56 19653
56 103 75 75 28 47 9 0 0 -47 -56 -47 -66 -47 -56 -28 -720237
103 75 75 28 47 9 0 0 -47 -56 -47 -66 -47 -56 -28 -9 -1263580
75 75 28 47 9 0 0 -47 -56 -47 -66 -47 -56 -28 -9 0 -1853133
75 28 47 9 0 0 -47 -56 -47 -66 -47 -56 -28 -9 0 19 -1977928
28 47 9 0 0 -47 -56 -47 -66 -47 -56 -28 -9 0 19 28 -2051422
47 9 0 0 -47 -56 -47 -66 -47 -56 -28 -9 0 19 28 37 -2080028
9 0 0 -47 -56 -47 -66 -47 -56 -28 -9 0 19 28 37 37 -1824948
0 0 -47 -56 -47 -66 -47 -56 -28 -9 0 19 28 37 37 66 -1378668
0 -47 -56 -47 -66 -47 -56 -28 -9 0 19 28 37 37 66 84 -683539
-47 -56 -47 -66 -47 -56 -28 -9 0 19 28 37 37 66 84 37 -188581
-56 -47 -66 -47 -56 -28 -9 0 19 28 37 37 66 84 37 66 494729
-47 -66 -47 -56 -28 -9 0 19 28 37 37 66 84 37 66 28 969721
-66 -47 -56 -28 -9 0 19 28 37 37 66 84 37 66 28 -9 1486102
-47 -56 -28 -9 0 19 28 37 37 66 84 37 66 28 -9 -28 1834678
-56 -28 -9 0 19 28 37 37 66 84 37 66 28 -9 -28 -19 1839810
-28 -9 0 19 28 37 37 66 84 37 66 28 -9 -28 -19 -66 1840631
-9 0 19 28 37 37 66 84 37 66 28 -9 -28 -19 -66 -47 1624244
0 19 28 37 37 66 84 37 66 28 -9 -28 -19 -66 -47 -75 1291443
19 28 37 37 66 84 37 66 28 -9 -28 -19 -66 -47 -75 -47 729448
28 37 37 66 84 37 66 28 -9 -28 -19 -66 -47 -75 -47 -28 196696
37 37 66 84 37 66 28 -9 -28 -19 -66 -47 -75 -47 -28 -19 -592210
37 66 84 37 66 28 -9 -28 -19 -66 -47 -75 -47 -28 -19 -9 -1154429
66 84 37 66 28 -9 -28 -19 -66 -47 -75 -47 -28 -19 -9 -28 -1807806
84 37 66 28 -9 -28 -19 -66 -47 -75 -47 -28 -19 -9 -28 9 -2040898
37 66 28 -9 -28 -19 -66 -47 -75 -47 -28 -19 -9 -28 9 37 -2028902
66 28 -9 -28 -19 -66 -47 -75 -47 -28 -19 -9 -28 9 37 56 -2069012
28 -9 -28 -19 -66 -47 -75 -47 -28 -19 -9 -28 9 37 56 37 -1780489
-9 -28 -19 -66 -47 -75 -47 -28 -19 -9 -28 9 37 56 37 66 -1231684
-28 -19 -66 -47 -75 -47 -28 -19 -9 -28 9 37 56 37 66 56 -588936
-19 -66 -47 -75 -47 -28 -19 -9 -28 9 37 56 37 66 56 66 -384249
-66 -47 -75 -47 -28 -19 -9 -28 9 37 56 37 66 56 66 56 623765
-47 -75 -47 -28 -19 -9 -28 9 37 56 37 66 56 66 56 47 814296
-75 -47 -28 -19 -9 -28 9 37 56 37 66 56 66 56 47 -9 1468354
-47 -28 -19 -9 -28 9 37 56 37 66 56 66 56 47 -9 -28 1874108
-28 -19 -9 -28 9 37 56 37 66 56 66 56 47 -9 -28 -37 1877189
-19 -9 -28 9 37 56 37 66 56 66 56 47 -9 -28 -37 -37 1807404
-9 -28 9 37 56 37 66 56 66 56 47 -9 -28 -37 -37 -84 1703185
-28 9 37 56 37 66 56 66 56 47 -9 -28 -37 -37 -84 -56 1267937
9 37 56 37 66 56 66 56 47 -9 -28 -37 -37 -84 -56 -47 764266
37 56 37 66 56 66 56 47 -9 -28 -37 -37 -84 -56 -47 -37 220609
56 37 66 56 66 56 47 -9 -28 -37 -37 -84 -56 -47 -37 -47 -430810
37 66 56 66 56 47 -9 -28 -37 -37 -84 -56 -47 -37 -47 -9 -1098969
66 56 66 56 47 -9 -28 -37 -37 -84 -56 -47 -37 -47 -9 9 -1906360
56 66 56 47 -9 -28 -37 -37 -84 -56 -47 -37 -47 -9 9 28 -1965966
66 56 47 -9 -28 -37 -37 -84 -56 -47 -37 -47 -9 9 28 37 -1985156
56 47 -9 -28 -37 -37 -84 -56 -47 -37 -47 -9 9 28 37 56 -1985266
47 -9 -28 -37 -37 -84 -56 -47 -37 -47 -9 9 28 37 56 94 -1788838
-9 -28 -37 -37 -84 -56 -47 -37 -47 -9 9 28 37 56 94 47 -1032908
-28 -37 -37 -84 -56 -47 -37 -47 -9 9 28 37 56 94 47 66 -498506
-37 -37 -84 -56 -47 -37 -47 -9 9 28 37 56 94 47 66 19 282630
-37 -84 -56 -47 -37 -47 -9 9 28 37 56 94 47 66 19 47 665748
-84 -56 -47 -37 -47 -9 9 28 37 56 94 47 66 19 47 0 1440930
-56 -47 -37 -47 -9 9 28 37 56 94 47 66 19 47 0 0 1835488
-47 -37 -47 -9 9 28 37 56 94 47 66 19 47 0 0 -19 2142936
-37 -47 -9 9 28 37 56 94 47 66 19 47 0 0 -19 -37 1821295
-47 -9 9 28 37 56 94 47 66 19 47 0 0 -19 -37 -28 1810517
-9 9 28 37 56 94 47 66 19 47 0 0 -19 -37 -28 -56 1380900
9 28 37 56 94 47 66 19 47 0 0 -19 -37 -28 -56 -66 979251
28 37 56 94 47 66 19 47 0 0 -19 -37 -28 -56 -66 -56 469169
37 56 94 47 66 19 47 0 0 -19 -37 -28 -56 -66 -56 -37 -184526
56 94 47 66 19 47 0 0 -19 -37 -28 -56 -66 -56 -37 -9 -841991
94 47 66 19 47 0 0 -19 -37 -28 -56 -66 -56 -37 -9 -19 -1412956
47 66 19 47 0 0 -19 -37 -28 -56 -66 -56 -37 -9 -19 28 -1893216
66 19 47 0 0 -19 -37 -28 -56 -66 -56 -37 -9 -19 28 19 -2037219
19 47 0 0 -19 -37 -28 -56 -66 -56 -37 -9 -19 28 19 47 -2056982
47 0 0 -19 -37 -28 -56 -66 -56 -37 -9 -19 28 19 47 47 -1867259
0 0 -19 -37 -28 -56 -66 -56 -37 -9 -19 28 19 47 47 37 -1768022
0 -19 -37 -28 -56 -66 -56 -37 -9 -19 28 19 47 47 37 56 -856698
-19 -37 -28 -56 -66 -56 -37 -9 -19 28 19 47 47 37 56 75 -537683
-37 -28 -56 -66 -56 -37 -9 -19 28 19 47 47 37 56 75 66 12274
-28 -56 -66 -56 -37 -9 -19 28 19 47 47 37 56 75 66 37 755524
-56 -66 -56 -37 -9 -19 28 19 47 47 37 56 75 66 37 28 1235528
-66 -56 -37 -9 -19 28 19 47 47 37 56 75 66 37 28 0 1775376
-56 -37 -9 -19 28 19 47 47 37 56 75 66 37 28 0 -19 1852681
-37 -9 -19 28 19 47 47 37 56 75 66 37 28 0 -19 -66 1811168
-9 -19 28 19 47 47 37 56 75 66 37 28 0 -19 -66 -56 1724851
-19 28 19 47 47 37 56 75 66 37 28 0 -19 -66 -56 -66 1503579
28 19 47 47 37 56 75 66 37 28 0 -19 -66 -56 -66 -28 947525
19 47 47 37 56 75 66 37 28 0 -19 -66 -56 -66 -28 -66 675566
47 47 37 56 75 66 37 28 0 -19 -66 -56 -66 -28 -66 -28 -22525
47 37 56 75 66 37 28 0 -19 -66 -56 -66 -28 -66 -28 -66 -510646
37 56 75 66 37 28 0 -19 -66 -56 -66 -28 -66 -28 -66 -56 -1097797
56 75 66 37 28 0 -19 -66 -56 -66 -28 -66 -28 -66 -56 -9 -1769333
75 66 37 28 0 -19 -66 -56 -66 -28 -66 -28 -66 -56 -9 19 -1897965
66 37 28 0 -19 -66 -56 -66 -28 -66 -28 -66 -56 -9 19 37 -2018373
37 28 0 -19 -66 -56 -66 -28 -66 -28 -66 -56 -9 19 37 9 -2001927
28 0 -19 -66 -56 -66 -28 -66 -28 -66 -56 -9 19 37 9 66 -1979826
0 -19 -66 -56 -66 -28 -66 -28 -66 -56 -9 19 37 9 66 66 -1658675
-19 -66 -56 -66 -28 -66 -28 -66 -56 -9 19 37 9 66 66 47 -1098579
-66 -56 -66 -28 -66 -28 -66 -56 -9 19 37 9 66 66 47 37 -315791
-56 -66 -28 -66 -28 -66 -56 -9 19 37 9 66 66 47 37 9 186640
-66 -28 -66 -28 -66 -56 -9 19 37 9 66 66 47 37 9 0 957720
-28 -66 -28 -66 -56 -9 19 37 9 66 66 47 37 9 0 28 1347543
-66 -28 -66 -56 -9 19 37 9 66 66 47 37 9 0 28 -28 1907547
-28 -66 -56 -9 19 37 9 66 66 47 37 9 0 28 -28 -37 1895719
-66 -56 -9 19 37 9 66 66 47 37 9 0 28 -28 -37 -56 1857320
-56 -9 19 37 9 66 66 47 37 9 0 28 -28 -37 -56 -28 1582745
-9 19 37 9 66 66 47 37 9 0 28 -28 -37 -56 -28 -56 1078961
19 37 9 66 66 47 37 9 0 28 -28 -37 -56 -28 -56 -47 551166
37 9 66 66 47 37 9 0 28 -28 -37 -56 -28 -56 -47 -47 -133623
9 66 66 47 37 9 0 28 -28 -37 -56 -28 -56 -47 -47 -66 -532954
66 66 47 37 9 0 28 -28 -37 -56 -28 -56 -47 -47 -66 -28 -1108689
66 47 37 9 0 28 -28 -37 -56 -28 -56 -47 -47 -66 -28 0 -1911301
47 37 9 0 28 -28 -37 -56 -28 -56 -47 -47 -66 -28 0 19 -1984555
37 9 0 28 -28 -37 -56 -28 -56 -47 -47 -66 -28 0 19 66 -2021229
9 0 28 -28 -37 -56 -28 -56 -47 -47 -66 -28 0 19 66 66 -2033181
0 28 -28 -37 -56 -28 -56 -47 -47 -66 -28 0 19 66 66 37 -1832102
28 -28 -37 -56 -28 -56 -47 -47 -66 -28 0 19 66 66 37 28 -1501228
-28 -37 -56 -28 -56 -47 -47 -66 -28 0 19 66 66 37 28 66 -666981
-37 -56 -28 -56 -47 -47 -66 -28 0 19 66 66 37 28 66 37 -275526
-56 -28 -56 -47 -47 -66 -28 0 19 66 66 37 28 66 37 28 604535
-28 -56 -47 -47 -66 -28 0 19 66 66 37 28 66 37 28 37 1344152
-56 -47 -47 -66 -28 0 19 66 66 37 28 66 37 28 37 0 1596711
-47 -47 -66 -28 0 19 66 66 37 28 66 37 28 37 0 -9 1920774
-47 -66 -28 0 19 66 66 37 28 66 37 28 37 0 -9 -28 1787735
-66 -28 0 19 66 66 37 28 66 37 28 37 0 -9 -28 -47 1805227
-28 0 19 66 66 37 28 66 37 28 37 0 -9 -28 -47 -56 1561671
0 19 66 66 37 28 66 37 28 37 0 -9 -28 -47 -56 -84 1041973
19 66 66 37 28 66 37 28 37 0 -9 -28 -47 -56 -84 -75 658803
66 66 37 28 66 37 28 37 0 -9 -28 -47 -56 -84 -75 -28 -6796
66 37 28 66 37 28 37 0 -9 -28 -47 -56 -84 -75 -28 -28 -542161
37 28 66 37 28 37 0 -9 -28 -47 -56 -84 -75 -28 -28 9 -1208549
28 66 37 28 37 0 -9 -28 -47 -56 -84 -75 -28 -28 9 19 -1907968
66 37 28 37 0 -9 -28 -47 -56 -84 -75 -28 -28 9 19 0 -1989778
37 28 37 0 -9 -28 -47 -56 -84 -75 -28 -28 9 19 0 37 -2075366
28 37 0 -9 -28 -47 -56 -84 -75 -28 -28 9 19 0 37 66 -1931426
37 0 -9 -28 -47 -56 -84 -75 -28 -28 9 19 0 37 66 66 -1852578
0 -9 -28 -47 -56 -84 -75 -28 -28 9 19 0 37 66 66 84 -1125323
-9 -28 -47 -56 -84 -75 -28 -28 9 19 0 37 66 66 84 66 -479854
-28 -47 -56 -84 -75 -28 -28 9 19 0 37 66 66 84 66 28 60683
-47 -56 -84 -75 -28 -28 9 19 0 37 66 66 84 66 28 0 915771
-56 -84 -75 -28 -28 9 19 0 37 66 66 84 66 28 0 37 1345929
-84 -75 -28 -28 9 19 0 37 66 66 84 66 28 0 37 -19 1952640
-75 -28 -28 9 19 0 37 66 66 84 66 28 0 37 -19 9 1852353
-28 -28 9 19 0 37 66 66 84 66 28 0 37 -19 9 -47 1925371
-28 9 19 0 37 66 66 84 66 28 0 37 -19 9 -47 -28 1800088
9 19 0 37 66 66 84 66 28 0 37 -19 9 -47 -28 -66 1504321
